Model_Utilization	Sim_Utilization
0.529225	0.515453
0.556090	0.546074
0.557429	0.547371
0.557503	0.547417
0.557500	0.547433
0.557503	0.547433
0.557503	0.547452
0.557503	0.547480
0.580312	0.573174
0.581860	0.574977
0.581950	0.575069
0.581955	0.575095
0.581955	0.575102
0.581955	0.575110
0.581955	0.575115
0.582895	0.575959
0.582991	0.576098
0.582991	0.576101
0.582991	0.576102
0.582986	0.576115
0.583039	0.576134
0.583032	0.576140
0.583037	0.576145
0.583039	0.576147
0.583037	0.576150
0.583039	0.576160
0.583037	0.576183
0.601719	0.596642
0.603470	0.598877
0.603581	0.599079
0.603588	0.599082
0.603588	0.599083
0.603588	0.599097
0.604659	0.600239
0.604771	0.600449
0.604778	0.600467
0.604778	0.600469
0.604778	0.600474
0.604828	0.600509
0.604838	0.600540
0.604839	0.600545
0.604836	0.600549
0.604836	0.600551
0.605427	0.600980
0.605539	0.601198
0.605547	0.601211
0.605547	0.601214
0.605605	0.601283
0.605598	0.601296
0.605626	0.601306
0.605607	0.601310
0.605605	0.601319
0.605634	0.601323
0.605633	0.601347
0.620126	0.616276
0.622068	0.618934
0.622200	0.619215
0.622209	0.619254
0.622210	0.619254
0.622210	0.619258
0.623401	0.620647
0.623535	0.620931
0.623544	0.620967
0.623545	0.620979
0.623605	0.621066
0.623614	0.621090
0.623614	0.621091
0.623617	0.621102
0.624276	0.621643
0.624411	0.621947
0.624421	0.621975
0.624420	0.621982
0.624482	0.622078
0.624492	0.622108
0.624491	0.622120
0.624516	0.622127
0.624523	0.622148
0.624814	0.622164
0.624950	0.622465
0.624959	0.622522
0.625047	0.622535
0.625021	0.622604
0.625054	0.622627
0.625028	0.622639
0.635333	0.632009
0.637446	0.635046
0.637599	0.635384
0.637610	0.635441
0.637610	0.635442
0.638908	0.637053
0.639063	0.637425
0.639074	0.637477
0.639075	0.637478
0.639144	0.637598
0.639157	0.637624
0.639155	0.637641
0.639879	0.638274
0.640035	0.638675
0.640047	0.638729
0.640118	0.638860
0.640126	0.638865
0.640156	0.638907
0.640488	0.638983
0.640835	0.639307
0.640644	0.639382
0.640653	0.639399
0.640738	0.639454
0.640725	0.639546
0.640990	0.639688
0.641045	0.639715
0.647126	0.643782
0.649379	0.647123
0.649550	0.647545
0.649563	0.647608
0.649563	0.647613
0.650947	0.649357
0.651121	0.649816
0.651133	0.649870
0.651212	0.650016
0.651222	0.650058
0.651998	0.650785
0.652173	0.651254
0.652183	0.651275
0.652277	0.651328
0.652263	0.651444
0.655267	0.651591
0.652665	0.651625
0.653215	0.652014
0.653050	0.652029
0.652837	0.652068
0.652898	0.652102
0.653194	0.652317
0.657620	0.655150
0.659487	0.655477
0.657804	0.655626
0.657819	0.655683
0.659265	0.657548
0.659452	0.658046
0.659463	0.658083
0.659548	0.658255
0.660374	0.659093
0.661895	0.659138
0.661328	0.659478
0.660559	0.659584
0.660624	0.659604
0.662086	0.659637
0.662098	0.659656
0.661079	0.659997
0.661461	0.660299
0.661233	0.660313
0.663580	0.661606
0.663771	0.662100
0.663837	0.662131
0.664716	0.663175
0.665480	0.663388
0.664874	0.663497
0.665409	0.663940
