Model_Utilization	Sim_Utilization
0.803016	0.767983
0.833078	0.803179
0.836457	0.806400
0.836884	0.806752
0.836939	0.806778
0.836947	0.806789
0.836947	0.806793
0.836946	0.806794
0.859913	0.834360
0.864039	0.838711
0.864657	0.839397
0.864752	0.839506
0.864767	0.839525
0.864768	0.839550
0.864766	0.839562
0.866598	0.841178
0.867237	0.841923
0.867353	0.842049
0.867352	0.842054
0.867337	0.842067
0.867502	0.842164
0.867617	0.842194
0.867601	0.842260
0.867612	0.842272
0.867627	0.842274
0.867637	0.842280
0.867615	0.842312
0.883444	0.861355
0.888342	0.866890
0.889196	0.868015
0.889349	0.868275
0.889376	0.868279
0.889375	0.868301
0.891417	0.870152
0.892307	0.871347
0.892482	0.871546
0.892493	0.871612
0.892468	0.871626
0.892675	0.871767
0.892836	0.871785
0.892862	0.871963
0.893285	0.871973
0.892847	0.871982
0.892834	0.871999
0.894666	0.873204
0.894196	0.873218
0.894373	0.873433
0.894359	0.873437
0.894569	0.873594
0.894706	0.873606
0.894708	0.873608
0.894693	0.873615
0.894817	0.873686
0.894721	0.873770
0.903665	0.884137
0.909322	0.890785
0.910451	0.892416
0.910688	0.892590
0.910715	0.892785
0.910679	0.892785
0.912909	0.894759
0.914088	0.896457
0.914333	0.896693
0.914717	0.896808
0.914703	0.896816
0.914324	0.896820
0.916838	0.896932
0.915107	0.896979
0.914566	0.896982
0.914774	0.897203
0.916599	0.898075
0.916397	0.898079
0.916736	0.898189
0.916447	0.898530
0.916309	0.898689
0.916841	0.898751
0.916523	0.898895
0.917790	0.898925
0.916897	0.899015
0.916768	0.899075
0.917848	0.899223
0.917715	0.899640
0.917586	0.899674
0.917960	0.899777
0.920646	0.902779
0.927005	0.910355
0.928421	0.912380
0.928714	0.912490
0.928721	0.912732
0.931058	0.914747
0.932673	0.915411
0.934989	0.916052
0.932626	0.916218
0.935569	0.916487
0.932522	0.916742
0.933161	0.916812
0.932782	0.916885
0.933045	0.917027
0.933531	0.917092
0.934984	0.917383
0.934524	0.917556
0.935099	0.917816
0.935513	0.917903
0.934922	0.918023
0.935964	0.918423
0.936439	0.918438
0.936222	0.918498
0.935083	0.918616
0.935345	0.918717
0.934970	0.918845
0.936218	0.919284
0.941468	0.925487
0.943149	0.926762
0.943116	0.927580
0.943393	0.927648
0.948188	0.927989
0.945468	0.928648
0.948013	0.928940
0.945855	0.929838
0.949468	0.929912
0.949292	0.930056
0.947388	0.930061
0.949610	0.930829
0.947527	0.931148
0.947789	0.931199
0.947467	0.931564
0.949379	0.931766
0.948412	0.931807
0.949633	0.931808
0.949607	0.932020
0.950508	0.932328
0.954507	0.932574
0.949811	0.932939
0.957626	0.934571
0.952774	0.936306
0.953645	0.936338
0.954473	0.937463
0.958569	0.937648
0.954467	0.937978
0.958775	0.938800
0.961628	0.939127
0.959600	0.939254
0.958271	0.939679
0.958033	0.939698
0.957202	0.940024
0.961970	0.940061
0.959928	0.940286
0.964070	0.940686
0.959223	0.940993
0.958622	0.941025
0.959455	0.941124
0.960274	0.941253
0.963320	0.942683
0.961702	0.942720
0.965997	0.942996
0.962391	0.943028
0.960957	0.943163
0.964066	0.943396
0.965519	0.943739
0.967302	0.943818
0.962368	0.944136
0.967870	0.944527
0.965969	0.944859
0.967920	0.945465
0.964989	0.945876
0.966430	0.945889
0.965730	0.945925
0.967902	0.946211
0.966105	0.946670
0.966828	0.946678
0.969337	0.946988
0.968754	0.947138
0.968405	0.947342
0.970188	0.947578
0.969275	0.948244
