Model_Utilization	Sim_Utilization
0.686026	0.649004
0.721795	0.690190
0.725123	0.693185
0.725465	0.693421
0.725504	0.693444
0.725504	0.693474
0.725500	0.693483
0.725504	0.693519
0.755407	0.728339
0.759348	0.732458
0.759813	0.733008
0.759869	0.733049
0.759877	0.733067
0.759876	0.733067
0.759877	0.733080
0.762208	0.735047
0.762686	0.735587
0.762743	0.735638
0.762750	0.735701
0.762751	0.735705
0.762948	0.735803
0.763035	0.735847
0.763030	0.735878
0.763013	0.735886
0.763036	0.735904
0.763006	0.735910
0.763013	0.735932
0.786730	0.763073
0.791329	0.768505
0.791951	0.769363
0.792037	0.769538
0.792050	0.769594
0.792048	0.769597
0.794694	0.771986
0.795336	0.772954
0.795438	0.773165
0.795425	0.773169
0.795438	0.773187
0.795688	0.773373
0.795778	0.773529
0.795818	0.773547
0.795789	0.773553
0.795814	0.773582
0.797113	0.774133
0.797769	0.775180
0.797873	0.775359
0.797862	0.775367
0.798129	0.775599
0.798402	0.775701
0.798324	0.775716
0.798225	0.775739
0.798250	0.775765
0.798221	0.775796
0.798409	0.775857
0.815633	0.794321
0.820926	0.800998
0.821742	0.802355
0.821870	0.802633
0.821889	0.802687
0.821889	0.802694
0.824825	0.805425
0.825670	0.806983
0.825822	0.807315
0.825804	0.807319
0.826133	0.807592
0.826269	0.807820
0.826303	0.807840
0.826265	0.807875
0.827653	0.808332
0.828519	0.809889
0.829660	0.810072
0.828660	0.810156
0.828656	0.810231
0.829087	0.810415
0.828991	0.810556
0.829291	0.810607
0.829232	0.810659
0.829113	0.810747
0.830948	0.810902
0.830539	0.811632
0.830664	0.811838
0.831182	0.811983
0.831062	0.812111
0.831004	0.812193
0.841998	0.821813
0.848004	0.829767
0.849051	0.831690
0.849236	0.832123
0.849262	0.832138
0.852450	0.835132
0.853540	0.837253
0.853730	0.837524
0.853730	0.837664
0.854231	0.837681
0.854126	0.838039
0.854291	0.838323
0.855696	0.838651
0.858016	0.840786
0.856811	0.840800
0.857571	0.840998
0.856980	0.841037
0.857445	0.841213
0.859356	0.841412
0.857385	0.841432
0.859603	0.841802
0.860650	0.842260
0.859183	0.842491
0.859123	0.842713
0.859593	0.842857
0.860608	0.843186
0.865715	0.845633
0.872433	0.854601
0.873744	0.857098
0.873982	0.857319
0.873991	0.857603
0.877421	0.860710
0.878778	0.863236
0.879501	0.863484
0.878991	0.863486
0.879453	0.863890
0.881064	0.864594
0.882514	0.864722
0.885626	0.865222
0.886690	0.865697
0.882454	0.866375
0.883630	0.866639
0.884744	0.866737
0.882924	0.866753
0.882410	0.866813
0.885225	0.866971
0.885825	0.867043
0.884818	0.868136
0.894083	0.875363
0.895658	0.878173
0.895905	0.878353
0.904807	0.879825
0.899555	0.881714
0.904826	0.882094
0.901120	0.883434
0.901635	0.883815
0.901115	0.884090
0.906817	0.884766
0.904559	0.884909
0.903467	0.885324
0.906538	0.886143
0.905969	0.886343
0.904800	0.886683
0.912783	0.891847
0.914454	0.893452
0.921975	0.894288
0.914502	0.894292
0.919983	0.894703
0.919515	0.896786
0.918526	0.897553
0.923803	0.898818
0.919946	0.898870
0.922761	0.899436
0.922269	0.899828
0.942031	0.902706
0.931882	0.903348
0.928204	0.903601
0.934943	0.904199
0.929657	0.904852
0.934064	0.907246
0.943858	0.907714
0.940062	0.907743
0.933667	0.907759
0.936247	0.907901
0.947488	0.909473
0.940078	0.909918
0.943594	0.909943
0.939749	0.910428
0.947846	0.911679
0.943918	0.912397
0.946589	0.912417
