Model_Utilization	Sim_Utilization
0.606123	0.593904
0.622621	0.613771
0.623211	0.614462
0.623234	0.614481
0.623234	0.614486
0.623234	0.614490
0.623234	0.614494
0.623233	0.614505
0.636002	0.629849
0.636669	0.630716
0.636697	0.630740
0.636697	0.630748
0.636696	0.630751
0.636697	0.630754
0.636697	0.630772
0.637024	0.631144
0.637052	0.631173
0.637052	0.631178
0.637052	0.631185
0.637062	0.631191
0.637051	0.631192
0.637062	0.631194
0.637061	0.631198
0.637062	0.631204
0.637062	0.631204
0.637062	0.631207
0.637062	0.631209
0.646421	0.642293
0.647155	0.643329
0.647188	0.643385
0.647186	0.643390
0.647188	0.643390
0.647188	0.643391
0.647549	0.643854
0.647582	0.643913
0.647581	0.643920
0.647582	0.643928
0.647582	0.643933
0.647592	0.643942
0.647593	0.643943
0.647594	0.643948
0.647593	0.643949
0.647594	0.643957
0.647746	0.644099
0.647778	0.644169
0.647779	0.644172
0.647779	0.644174
0.647789	0.644185
0.647790	0.644187
0.647793	0.644187
0.647791	0.644191
0.647794	0.644191
0.647790	0.644201
0.647794	0.644203
0.654113	0.651415
0.654899	0.652572
0.654934	0.652653
0.654936	0.652661
0.654936	0.652662
0.654936	0.652668
0.655324	0.653205
0.655361	0.653285
0.655361	0.653287
0.655360	0.653288
0.655374	0.653308
0.655373	0.653310
0.655374	0.653312
0.655374	0.653313
0.655539	0.653502
0.655574	0.653581
0.655576	0.653584
0.655576	0.653591
0.655587	0.653608
0.655589	0.653612
0.655589	0.653619
0.655591	0.653626
0.655593	0.653627
0.655637	0.653630
0.655672	0.653714
0.655674	0.653721
0.655685	0.653724
0.655685	0.653737
0.655687	0.653743
0.655689	0.653744
0.659388	0.657608
0.660212	0.658861
0.660251	0.658958
0.660249	0.658959
0.660251	0.658961
0.660659	0.659548
0.660697	0.659641
0.660699	0.659646
0.660699	0.659656
0.660711	0.659674
0.660713	0.659677
0.660713	0.659681
0.660887	0.659889
0.660925	0.659987
0.660927	0.659991
0.660939	0.660020
0.660943	0.660021
0.660940	0.660023
0.660992	0.660044
0.661034	0.660100
0.661030	0.660139
0.661031	0.660149
0.661042	0.660150
0.661044	0.660172
0.661079	0.660194
0.661072	0.660195
0.662628	0.661332
0.663476	0.662644
0.663516	0.662747
0.663518	0.662756
0.663518	0.662757
0.664282	0.663153
0.663938	0.663373
0.663978	0.663475
0.663980	0.663485
0.663995	0.663514
0.663993	0.663514
0.664844	0.663694
0.664174	0.663742
0.664214	0.663849
0.664215	0.663850
0.664226	0.663860
0.664228	0.663882
0.664283	0.663910
0.664335	0.663957
0.664327	0.663973
0.664323	0.664015
0.664331	0.664016
0.664360	0.664045
0.665142	0.664495
0.665183	0.664597
0.665185	0.664606
0.665709	0.665049
0.665750	0.665153
0.665751	0.665157
0.665612	0.665235
0.665653	0.665347
0.665654	0.665351
0.665667	0.665382
0.665911	0.665569
0.665852	0.665623
0.665892	0.665729
0.665900	0.665732
0.665963	0.665797
0.666181	0.665798
0.666001	0.665833
0.665997	0.665872
0.666222	0.665903
0.666229	0.665907
0.666467	0.666111
0.666422	0.666180
0.666456	0.666256
0.666527	0.666325
