Throughput	Load
3.269203	0.519202
3.639611	0.750084
3.689108	0.750084
3.687550	0.750084
3.673413	0.750084
3.651518	0.750084
3.620252	0.750084
3.575139	0.750084
3.504341	0.750084
3.378125	0.628042
3.047452	0.297369
3.475164	0.502474
3.760699	0.849399
3.790736	0.869668
3.781976	0.827206
3.760200	0.793000
3.729193	0.757281
3.685130	0.711421
3.618881	0.644465
3.506668	0.531984
3.229445	0.254651
3.492554	0.500240
3.755827	0.843146
3.777090	0.839654
3.762744	0.789753
3.734114	0.746991
3.692210	0.699237
3.628465	0.633058
3.519003	0.522545
3.247467	0.250567
3.491232	0.500094
3.738596	0.842574
3.751954	0.812919
3.729832	0.754989
3.689996	0.700921
3.627948	0.632833
3.519791	0.522091
3.249006	0.250186
3.485428	0.500031
3.713972	0.842473
3.717392	0.778116
3.683944	0.708966
3.624527	0.635196
3.518251	0.522885
3.248321	0.250381
3.475080	0.499892
3.679578	0.837118
3.669591	0.730391
3.616824	0.641854
3.514151	0.524812
3.246320	0.250963
3.456914	0.499937
3.630428	0.788050
3.599227	0.660061
3.504758	0.529809
3.241430	0.252082
3.423855	0.499915
3.555030	0.712669
3.482751	0.543495
3.229652	0.254722
3.361070	0.499898
3.426378	0.584017
3.200464	0.261217
3.227423	0.499898
3.121288	0.278927
2.825287	0.325389
