Throughput	Load
3.567829	0.680582
3.789661	0.888631
3.805545	0.888631
3.800810	0.888631
3.791403	0.888631
3.777780	0.888631
3.758377	0.869773
3.728152	0.839527
3.676875	0.788246
3.575610	0.686979
3.288661	0.400031
3.656392	0.668672
3.829651	0.907153
3.840191	0.864523
3.834436	0.845122
3.822563	0.829476
3.804098	0.809963
3.775385	0.780942
3.726780	0.732241
3.630920	0.636349
3.366210	0.371630
3.657923	0.668107
3.823791	0.897233
3.832149	0.852094
3.822978	0.828888
3.805440	0.807410
3.776990	0.777805
3.728681	0.729136
3.633379	0.633720
3.369834	0.370134
3.654349	0.668027
3.814040	0.887245
3.819447	0.839147
3.804595	0.810245
3.776835	0.778565
3.728579	0.729137
3.633444	0.633635
3.370002	0.370078
3.649043	0.668107
3.800746	0.873992
3.800414	0.820127
3.775728	0.781386
3.728059	0.729774
3.633443	0.633988
3.369850	0.370029
3.640654	0.668062
3.781609	0.854848
3.771036	0.790737
3.726591	0.732243
3.632749	0.634462
3.369626	0.370171
3.626622	0.668072
3.751223	0.824452
3.721232	0.740933
3.630784	0.636436
3.368872	0.370586
3.602039	0.668072
3.699180	0.772409
3.623745	0.643447
3.365990	0.371642
3.554699	0.668072
3.596215	0.669445
3.355630	0.375331
3.449069	0.668072
3.315614	0.388843
3.109895	0.441822
